0,340753
0,648932
1,8893
5,2897
11,9022
20,1505
24,6898
27,5354
28,1606
26,6977
25,1496
25,4134
25,9793
26,8666
27,0453
25,9603
27,4051
26,9544
19,1371
9,6113
4,178
1,7112
0,7912
0,547
0,3722
0,7018
1,8365
5,2098
11,9877
20,7591
26,1925
27,0977
26,4797
25,4937
25,2965
24,5825
24,2439
25,3793
24,466
23,579
24,1298
23,0852
17,695
9,1508
4,6801
2,4352
1,255
0,7412
0,5184
0,5992
1,2692
3,4791
7,4073
12,9136
17,358
19,7293
18,7727
17,4935
16,3638
15,0176
14,7404
15,4404
15,6934
16,5313
17,8642
17,9203
13,8752
7,9042
4,2304
1,9126
1,2903
0,7124
0,5396
0,5628
1,0251
2,6621
5,8079
11,2713
15,3729
17,5445
17,6591
16,3612
15,3094
15,1727
15,2414
16,4384
17,4075
18,9853
21,7062
22,2574
15,3131
7,2615
3,2555
1,6101
0,7981
0,3588
0,3273
0,6117
2,0157
5,715
13,0573
21,3339
26,3926
28,5857
27,9724
27,2087
26,4693
26,1659
26,9236
30,1244
32,0822
31,0109
30,3168
28,0188
17,6786
7,9645
3,4223
1,5822
0,6574
0,3175
0,2494
0,5304
2,0282
5,8856
12,9326
21,415
26,3607
27,5527
27,6661
26,26
25,7718
25,8706
26,9202
27,8321
29,2026
28,5956
29,926
28,357
19,1018
8,429
3,8351
1,6298
0,6742
0,3232
0,3068
0,4983
1,7249
5,3413
12,4146
20,1069
25,4
27,4156
27,5876
27,0761
26,4138
26,5221
27,2556
28,309
28,716
29,2809
31,3841
28,5518
18,9877
8,7046
3,7392
1,6418
0,6593
0,3618
0,2803
0,5216
1,8126
5,5327
13,0184
21,1838
26,8799
28,0338
28,3127
27,1585
26,7337
25,8035
26,9425
27,4177
28,6395
28,6003
29,5883
27,5648
18,3858
8,7848
3,6293
1,5656
0,8371
0,4576
0,2657
0,5469
1,8505
5,5762
12,1088
20,8368
26,9386
28,2598
27,979
26,5515
25,4823
25,7827
26,3515
27,1874
27,6312
26,756
27,0264
25,2301
17,5669
8,653
4,2623
1,8873
1,1389
0,7161
0,4535
0,5334
1,3541
3,5839
7,7719
13,6698
17,6764
20,0626
19,1818
18,9295
16,5772
17,1431
16,943
16,3135
17,5726
19,6562
21,3952
20,6759
14,6539
7,6285
3,7801
2,1466
1,0774
0,6866
0,4333
0,5134
0,931
2,4396
5,4497
10,8463
15,829
18,9396
18,9959
17,8052
16,921
16,5947
16,7544
18,46
20,2684
22,4302
23,1063
22,8691
16,004
7,665
3,1672
1,5205
0,784
0,3653
0,3156
0,5412
1,5517
4,919
11,7024
20,7238
26,4774
26,9848
27,7361
27,4484
26,4352
26,8408
28,6309
29,3279
29,206
30,1968
30,3196
27,8006
18,5765
8,0825
3,5303
1,3935
0,6146
0,3641
0,2527
0,5084
1,6938
5,2828
12,4163
21,2006
26,9353
28,9817
28,4911
27,0253
26,9316
27,0855
27,2876
28,2027
29,2048
29,5801
29,8782
28,7828
19,8558
8,6417
3,5565
1,3662
0,5233
0,3532
0,272
0,5819
1,6589
5,2941
12,2993
20,1754
26,3182
28,5109
28,3401
27,2866
26,9283
25,9334
27,2777
28,0166
28,7848
29,6499
29,4038
28,3796
19,2136
8,4774
3,2388
1,4065
0,5865
0,2836
0,2828
0,544
1,7791
5,2919
12,5271
20,6213
25,6901
28,4111
29,0291
27,5761
26,8546
26,5197
27,397
27,6746
27,1801
25,732
26,0383
24,6234
17,107
8,3693
3,7963
1,9581
0,9334
0,4627
0,3995
0,582
1,3797
3,5428
7,8562
13,993
18,7092
20,1575
20,6256
18,82
17,0602
17,0387
16,3944
16,9251
17,727
18,4884
19,2961
18,6013
13,305
7,4937
3,6034
1,7539
0,9843
0,6135
0,4617
0,5406
1,0473
2,7576
6,0875
10,8797
14,9785
16,8957
17,063
16,0749
14,8381
14,2752
15,455
15,8137
16,1533
17,5293
18,0302
17,6029
13,3244
6,7412
3,3126
1,6347
0,9679
0,5379
0,447
0,59
1,013
2,2485
5,5883
10,884
14,893
16,8108
17,1553
15,9179
15,7726
15,6308
16,2551
17,3079
19,2965
20,9636
22,4652
21,6559
15,1323
7,5452
3,1308
1,4899
0,7059
0,3991
0,2874
0,5293
1,6674
5,0514
11,9986
19,8868
26,0952
27,8948
28,6479
27,6689
27,4053
27,4091
27,7395
28,9437
28,3555
28,9437
29,778
28,0834
19,0274
9,45
4,0126
1,6457
0,7584
0,49
0,3741
0,6097
1,8482
5,3523
12,1432
20,5378
26,2585
27,9464
28,4376
27,434
26,7789
26,2826
27,1023
27,8322
28,6839
28,9606
28,9412
27,4035
19,7937
9,2148
3,9782
1,7254
0,8954
0,4362
0,4089
0,5713
1,9118
5,3987
12,3436
20,1919
26,1912
27,9222
27,4587
27,0421
25,5274
25,3293
25,1816
26,1136
26,6246
27,7896
28,1763
26,6653
18,8516
8,9274
3,6278
1,571
0,8731
0,4938
0,4327
0,6253
1,9588
5,2684
11,6723
19,5239
24,3272
26,8139
27,4126
26,7499
25,8527
25,6975
25,9986
25,8006
27,368
27,8158
28,2916
27,2181
19,7361
9,9282
4,0854
1,6845
0,9442
0,4011
0,3267
0,5395
1,5981
4,8543
11,4036
19,2506
25,4211
27,2956
27,8017
25,5102
23,998
24,4305
25,9822
25,9147
26,0169
26,6195
26,7851
24,75
17,4578
9,6167
4,4324
1,9983
1,071
0,6775
0,5342
0,6477
1,4693
3,8028
8,033
13,5938
17,8648
19,3863
19,4824
18,2673
17,085
16,337
15,814
16,6573
17,0687
18,696
19,9336
18,7718
14,4864
8,0564
4,303
2,5065
1,3951
0,7987
0,4832
0,5992
1,1017
2,3572
5,3945
10,6087
16,389
18,9598
19,3385
17,5432
16,8157
16,419
15,9606
17,3087
19,7363
21,4155
22,9898
21,9133
15,6408
7,963
3,8317
1,7579
0,7545
0,4739
0,3698
0,5463
1,6696
5,2759
12,1874
20,7779
26,5781
28,27
28,9736
28,1635
26,542
26,585
26,3739
27,2708
27,8717
26,3561
28,7226
27,8047
19,3436
8,5773
3,8456
1,7852
0,8803
0,4573
0,3562
0,7176
1,6844
5,3648
12,2834
20,6918
26,3711
27,8899
28,0467
26,8435
26,0262
24,9227
25,2232
26,746
27,0043
26,7097
27,2609
25,2811
18,8027
9,2411
3,9952
1,8235
0,8025
0,4623
0,4052
0,5987
1,8858
5,2238
11,9855
19,8278
24,717
27,0267
27,1193
26,225
24,5367
24,626
25,5586
26,5151
26,2356
26,6048
27,3043
27,5186
19,7951
9,4646
4,4104
1,7229
0,9827
0,4664
0,3407
0,6489
1,8893
5,2897
11,9022
20,1505
24,6898
27,5354
28,1606
26,6977
25,1496
25,4134
25,9793
26,8666
27,0453
25,9603
27,4051
26,9544
19,1371
9,6113
4,178
1,7112
0,7912
0,547
0,3722
0,7018
1,8365
5,2098
11,9877
20,7591
26,1925
27,0977
26,4797
25,4937
25,2965
24,5825
24,2439
25,3793
24,466
23,579
24,1298
23,0852
17,695
9,1508
4,6801
2,4352
1,255
0,7412
0,5184