100
200
310
200
10
200
320
200
100
200
330
200
20
200
340
200
100
200
350
200
30
200
340
200
100
200
330
200
40
200
320
200
100
200
310
200
30
200
320
200
100
200
330
200
20
200
340
200
100
200
350
200
10
200
340
200
100
200
330
200
20
200
320
200
100
200
310
200
30
200
320
200
100
200
330
200
40
200
340
200
100
200
350
200
30
200
340
200
100
200
330
200
20
200
320
200
100
200
310
200
10
200
320
200
100
200
330
200
20
200
340
200
100
200
350
200
30
200
340
200
100
200
330
200
40
200
320
200
